-33.43254120541614 3
-35.431282868163905 0
-37.4275078564072 0
-39.4161828211371 0
-41.3822077153268 0
-43.28028239789592 0
-44.97450644560326 0
-46.976183019296656 0
-48.98121274037685 0
-31.432960651166898 3
-43.74972606246525 3
-50.99630190361743 2
-29.43310046641715 3
-31.608760542013854 0
-34.13574076880396 0
-36.132550564619336 0
-38.12297995206548 0
-40.09426811440392 0
-42.00813260141925 0
-53.041569393339195 2
-26.889220401284078 3
-36.24685187993503 2
-55.17737186250449 2
-24.70792704623972 3
-38.580185213328235 2
-40.2468518799949 0
-41.2468518799949 0
-60.25144593666705 1
-59.25144593666705 1
-57.58477927000038 2
-22.6474959278916 3
-40.2468518799949 2
-59.547742232963344 2
-20.627352221775563 3
-41.2468518799949 2
-4.061729418470254 1
-2.0154323546175634 1
0.0 -1
-61.43663112185223 2
-18.62063765307022 3
-6.2006206100283245 2
-63.103297788518894 2
-16.61839946350177 1
-14.617653400312289 1
-12.617404712582463 1
-10.617321816672519 1
-8.617294184702537 2
-10.283960851369203 0
-11.283960851369203 0
-64.10329778851889 2
iterations 316
